2140 0 79
200 71 15
150 24 13
150 48 19
130 40 11
130 44 22
130 37 30
120 47 10
110 29 17
100 70 15
100 25 5
100 25 6
100 41 5
100 71 21
50 69 64
50 32 54
50 40 49
50 53 41
50 69 32
30 69 24
30 0 125
30 50 18
30 68 30
20 70 15
20 72 28
20 50 24
20 69 34
20 72 22
20 71 12
20 69 26
20 71 15
10 72 10
10 72 19
10 70 15
10 72 8
10 72 14
10 72 18
10 72 16
10 73 14
10 74 4
10 64 13
10 53 57
10 70 42
10 74 37
10 74 5
0 75 5
0 72 12
0 74 15
0 73 10
0 73 10
0 75 10
0 74 7
0 72 7
0 73 13
0 75 3
0 75 11
0 75 4
0 75 9
0 75 10
0 74 14
0 75 5
0 71 10
0 75 15
0 74 51
0 66 6
0 73 18
0 75 0
0 75 0
0 75 0
0 75 0
0 75 3
0 75 0
0 75 0
0 75 26
0 74 12
0 50 17
0 50 22
0 50 9
0 50 10
0 74 8
0 75 23
0 75 15
0 75 5
0 75 26
0 75 9
0 61 10
0 75 233
0 74 94
0 75 5
0 75 1
0 75 0
0 74 1
0 75 9
0 75 6
0 75 0
0 75 4
0 74 9
0 74 2
0 74 11
0 73 11
0 75 0
0 72 10
0 73 8
0 71 12
0 70 13
0 73 5
0 70 17
0 71 13
0 75 11
0 75 3
0 75 6
